30 1031
60 1527
90 1821
120 1089
150 1372
180 1851
210 1645
240 1375
270 1665
300 1323
330 1243
360 1380
390 1815
420 1993
450 1123
480 1942
510 1626
540 1195
570 1634
600 1696
630 1237
660 1575
690 1521
720 1390
750 1842
780 1376
810 1372
840 1917
870 1481
900 1730
930 1848
960 1244
990 1021
1020 1884
1050 1898
1080 1112
1110 1852
1140 1905
1170 1720
1200 1223
1230 1903
1260 1182
1290 1251
1320 1750
1350 1053
1380 1157
1410 1885
1440 1346
1470 1426
1500 1735
1530 1348
1560 1943
1590 1627
1620 1467
1650 1052
1680 1753
1710 1604
1740 1885
1770 1509
1800 1963
1830 1002
1860 1467
1890 1454
1920 1630
1950 1590
1980 1560
2010 1004
2040 1823
2070 1398
2100 1043
2130 1371
2160 1941
2190 1055
2220 1984
2250 1522
2280 1376
2310 1247
2340 1105
2370 1677
2400 1852
2430 1596
2460 1696
2490 1840
2520 1548
2550 1458
2580 1401
2610 1896
2640 1186
2670 1796
2700 1771
2730 1231
2760 1901
2790 1960
2820 1853
2850 1117
2880 1170
2910 1616
2940 1394
2970 1063
3000 1329
