1
888
220858985 181487003
6099773 279073340
280031843 72751826
264860134 153723263
210004343 42227000
109350192 158411341
157280550 110643550
168554190 109804524
266035713 31702013
61167810 315865588
269734928 204723553
55567815 133503765
270648652 170642408
313601752 7457310
85900628 261985208
10924711 109660183
108760524 180761606
267227223 166580489
81134505 74893488
71715746 146451504
37062679 181267636
278144916 168381712
139981251 17740983
267865598 288646157
69710929 74408079
60511492 164137441
252593879 104464536
8052607 231030362
19327104 241843315
38290059 139489402
228019739 29585731
86338810 14490933
193197385 274710398
75375120 282943990
62865458 192369666
102110869 67283434
123511088 325585677
171993046 43809987
309861891 99178836
139067332 262687751
246916683 166064829
178068099 139160735
152701825 43017444
151094028 287701336
306802895 211111018
161659068 301188453
68684307 161295282
3052403 11787995
49878560 249030466
122319750 301123651
230992973 149302040
167246606 183160060
249918196 137904002
32210502 317830071
222104836 283905653
125781824 175863337
127531856 174252007
204534881 323526236
57810766 154134917
50174144 324653118
12424536 150829357
23837356 124533793
228064894 12640597
186701651 327469129
73631122 53111443
280759323 57912897
99761707 161328674
242193213 269390470
32852402 100171876
263916821 49077787
251181608 9366362
80233427 8394403
188400015 130234669
94472701 308232794
219332476 80075977
89928635 199208525
145484155 297077485
111882649 60753901
179435675 85992028
243650793 40535711
167919598 127912111
259482894 209291535
2577162 280372321
138109026 265212905
235879563 202772177
125312385 98258735
279899038 187549508
18407340 231950518
87102808 229305328
293981575 175913944
69701725 282253266
163464027 260128451
240710265 66902009
93679061 69485337
215297210 64513544
271803221 32318270
72168292 95250408
258795904 264448525
109086764 66655508
157764302 273626452
147930846 272271403
21559500 179345971
27348647 255910018
120122379 171304865
300441035 175101807
102209600 172905766
188033056 75255807
98770 37000178
324314993 24052081
128528783 274266581
136560908 123003800
205311479 37155413
17446196 68329581
315154639 223948140
97346016 227470987
112330144 233859351
204836570 299039665
193908549 170070631
31740034 143386436
73703745 298137012
158293576 162811082
292946790 54119029
6685701 248196240
148279391 206352905
258726851 240944309
211953159 307109730
235750096 272316764
142023424 281030436
70943151 324284798
301260077 252296570
136959575 323096822
304521272 248933458
23286210 109668996
64439069 112063004
12109183 270496458
58983020 264955679
137536768 223836514
165416779 65945348
104859741 115623590
9598802 297731145
70135199 298297845
175692686 291530495
313818950 31782789
16081599 170654716
136060916 321077612
253548505 22476393
233685711 77677462
217838790 258087013
39064547 22262274
202136978 210724225
179041230 238475861
92008174 215750435
223389490 225662309
165686815 290919955
242551638 138990495
132559068 4611328
276374086 268486530
15193171 187198204
7875262 67671378
253003860 259583243
279966563 8110422
44642596 26588265
229426314 34606506
155052955 36639105
196521055 190970461
29059046 180027350
251594927 140172340
24885255 130687230
237322542 199681829
248297760 320140002
15878706 288183213
246423100 167313504
248250102 59942283
217545110 117651337
101925977 226970115
131582751 282262931
78336316 154042012
38779708 265367528
129982423 245718402
255024870 179167973
276133285 278614740
114168425 225360748
112587107 232171671
201334997 153732866
164610341 13369281
203966864 236117954
167952945 41659919
244310194 151591336
175894529 72698944
122877079 42516455
233088886 192984040
77411665 136898771
253722784 52934782
108506979 247822072
104925927 271291214
165122023 133332705
222207941 111718840
207224649 60687474
136479289 279664318
145803450 265076063
154393685 25808026
314990526 285268194
294891665 24654102
183238798 142382105
85562263 215228434
218214038 85374805
202318165 140327970
24534840 213264908
54174958 145760285
290359000 302390008
160015096 163214927
24182750 166054310
142915343 8322871
221853640 219098664
206111073 211543290
201988581 281059155
191891456 104482271
44330458 222455954
156678564 43251169
283932672 160832241
167243510 232184592
171472868 205895715
302117142 79931407
70888438 81929101
202222678 54313688
129278443 265779224
137151820 137137604
134967308 52661875
310282196 122718867
235472165 86854606
40508443 120626282
222029206 181782560
98607222 280785376
1953060 294118386
4879257 67400144
275687497 64241794
119588704 32029338
141922992 199904897
5714457 186527473
150559467 132655494
273509400 219478239
317107133 138662296
42169906 244926461
308676800 60020872
177066051 117596939
161683376 197046437
177989304 263594606
221963293 111278613
187462629 94511549
306232813 255097955
254827440 230820899
51622568 201361659
132663588 14730976
125151291 27094448
261016207 143260136
33781317 263681847
7600501 263061874
71150509 85502649
44608475 46892330
192635946 291215925
15250844 147226352
77926809 263591675
9814103 77827655
53919659 49736034
279918479 232424150
256396116 24161812
175035962 175775226
324083565 101801884
232657522 88862498
280512723 138660079
213583799 124915282
309990998 209366768
290902203 298343377
83204859 106950090
150225797 250219660
253428618 30062506
260752431 201957216
225475617 164309762
74310744 147679507
61573503 141111624
33546419 234360156
298540217 11492421
180795749 36035766
3162553 114398902
282011787 326623905
275763098 166591118
155885026 142359649
94051901 195683554
207511581 274787917
225961159 39843579
200956530 87582049
138432305 34929704
202471981 108388797
26419335 268402682
90472444 238262324
97129177 37901334
252890017 131680158
59483213 135811398
196002419 109201542
128796907 96389992
306991278 308918188
270365679 234393277
216609598 42590820
303156571 284693580
316243160 305598741
208162930 212470157
202568945 266141180
314178110 245068526
276282581 184603974
49721115 126029873
268841569 278547417
176549114 211754732
267798153 119538364
313025119 152062280
308342436 201312426
266491459 68908818
169916203 108033651
259809042 301791421
32822541 164178299
52080094 46954606
28861245 12616554
230158379 133910478
324634931 18527882
100340753 108170828
98775399 257162012
45097725 106406089
816873 33659715
151982128 315210538
227411628 229370902
30679567 306603913
113933110 282340211
145489121 216948196
224786994 287772215
75770916 164588493
60870798 26515207
258037784 199930776
231817597 164424602
736562 132562656
245265526 51992141
291206874 218729315
105833523 316420253
253917854 87315233
152310723 87874992
39478957 164535553
117014857 949213
313871037 26611531
28150907 158304767
314256421 233886255
6266627 265137719
41407108 110166589
265574929 295828279
35860264 314127083
9209287 55140823
47945687 45164579
134042620 254502019
206408426 24455841
241740890 189013499
98175501 110344825
114669104 206360946
18825648 67618495
85758640 121016656
134165929 213912286
302528674 126867888
174431808 304748578
196012767 276262083
316150882 262031421
120166343 163810635
302674542 123977670
247495308 125691232
80532043 200058821
324414484 22564734
312552048 119931416
287030587 192959093
146909354 53271538
98454383 318023352
106060170 168428934
118851858 129430207
265301492 295628640
41712875 321782214
274504577 122936061
985621 65819147
240098046 252195086
244848367 296643475
173354011 183113065
30818266 325530997
298821069 106391576
2945775 227178350
256929692 280495128
185973782 154813532
149770645 285382890
150415311 188052675
153311338 119440054
37820845 57530459
6445821 190524979
152550823 57563999
16037640 201065984
102865621 197610831
300349097 204173295
112862409 213755456
237335678 225861877
245561619 112611671
83921821 92429883
158434763 264840081
178475230 117662447
46776331 65035230
20480831 29072788
153391491 73054689
176607120 64664189
155564483 100491618
131378932 308849302
67391748 123345885
275177526 232637548
36315744 88640976
164692609 77635376
16709029 253670544
264875703 150514632
303567974 91692885
291562507 322689934
305103338 23550761
52206151 62177999
141376635 77817917
164073911 308968749
154121672 65814324
28086332 311957293
293520804 289762582
266994458 241580458
37745732 161399663
125882682 74885264
155290885 302721501
320173544 323799810
85035172 263441861
190061094 19155476
108226324 48363423
302842184 142451537
121072539 210537605
17013558 53237255
250310549 183564472
166505805 19804678
35488224 95300124
51434174 22248933
109339758 165102023
203976877 71371981
151299239 305477973
116632404 76658332
322179556 256780711
107018782 246965923
282638628 253956143
110815244 57669400
54406507 259791221
318053523 43838117
103561487 58431446
47934939 193862071
317882009 208864160
105236050 186188096
171887130 254339783
98802231 158765061
79773843 85563299
224622591 44572721
4169579 197774303
304379604 95181264
235553885 187038828
12167745 298362197
82793576 72256508
288832392 480549
45411981 183872296
46018348 27542249
258361220 274383962
283841399 95545152
124548568 144067091
221495028 30542906
118510758 144211847
186238470 210125246
190143010 246353388
119606080 243717909
11798754 299799598
254553579 151577725
85459617 165771390
31194547 109945191
105650573 56866926
166761466 73529449
148540889 97721815
14742099 258017357
99726396 91068755
44420424 189063888
270029696 143452531
265062277 249882164
249777860 185325707
165848939 156505439
261852523 23495649
171180974 259914697
97941307 253724577
24097239 103150530
225851646 101498620
323466915 132966154
152183796 54840516
6296706 11164710
267073919 114605794
260703833 80543250
288752518 215680272
123913120 85933753
207092947 197423359
149543716 66491471
120868037 306728211
53641606 141885208
280164030 267501522
170097291 175655550
22669238 193367416
161522650 298713343
191405718 66506054
229146193 327051644
187193806 77064014
233104273 39336860
140586448 184012169
1178989 314943350
12037011 208562114
169676974 216823835
207722256 132506072
280056114 177436650
106180040 273478751
29488056 146453273
66593868 26769903
70840358 237364851
37437092 88604372
68455492 267866212
8439497 296971149
235224574 160390143
11634778 298283309
125828405 220107273
71931 91486957
255686623 306540235
258345377 121538727
320615859 193325140
52463480 266836316
242535389 132726069
88616237 14591408
109373488 314196435
261730916 151769465
319575727 199930600
229986867 73240852
293299523 31700034
194613189 209842207
9586169 248043746
245687273 73969600
110125264 124076479
240422976 114185324
241492175 219787329
214219506 170290945
224041725 118403990
13245017 99237821
114408311 301660016
114915381 278175573
145436718 297570645
31623206 18556335
215451495 309787181
196435877 117130344
237703193 102854856
120907228 41286686
39278706 58158166
34902697 234248775
120051858 140975853
109668575 37696056
322797470 55291670
213140437 78973215
18871214 258991392
198282725 275473466
136928032 234365163
67874302 10162558
153682947 240618239
16967923 149994721
204554908 321747059
24470586 26411024
122465797 174764342
305014589 191302890
319790761 205752729
327164380 134617570
253498809 169010387
2635801 139154321
44492411 305294988
97032827 63256369
7819045 62746434
224210539 294452516
59916854 300056263
321997290 286430059
313976525 123462401
39183098 249745216
241439600 154554617
293313840 98669148
4540247 104751308
117830168 240718273
27470063 158983149
268066497 277476338
116918663 270349761
150403645 204136133
98504358 315021554
199302178 174997624
2076323 124237357
199136012 146600617
124572395 48837219
104731176 52821085
314619886 90125467
83563147 185367562
116842819 218457855
107589337 140000125
104738608 241576651
77119710 261778373
140835186 205231521
150076840 18331813
135892043 15476200
292494715 182076662
29710447 248924792
34203148 302197811
304350534 218826015
67415846 313758731
80739726 177688320
118141945 57608867
7751846 120740622
299228870 315892353
113008195 104488389
46477156 120267442
152321022 114860418
209118110 163043413
163936628 140356326
101852354 187319885
244508726 121843847
4585235 186274691
202348039 107710046
262864008 169011378
70492784 285697882
264880363 131002505
169639231 236673468
245177500 229633645
64773139 31660201
16059147 181143796
20662978 222871452
197696529 173289275
40409555 73419041
48573880 16801697
92230197 251664122
88138062 139871754
213012102 160043230
9225046 166142621
161317036 55850741
71849414 318789157
258613328 100224814
80539035 80271204
141060446 267367417
204841056 6438651
10162583 130720157
38577547 140142484
122008031 164694195
157374769 268929113
153669887 302157032
277036380 59207914
85159155 7376159
237633676 50806074
303116413 192145725
209750371 235034770
270799265 93901148
122244871 147995597
24510503 256942281
277823876 151977706
236266524 147589606
207717752 299956894
187585377 234230056
24355717 60480927
207780602 12501850
13221106 213335130
57485776 166903592
101586890 34880366
138189312 22488996
187479756 258604047
285107818 116336325
18066586 14618004
75760163 58762995
255985034 200057065
326271795 203597677
145767128 172625741
205037000 246542019
300480801 219933301
121500337 322355852
122511689 301091415
232544323 12666033
16712854 304073584
136568440 180223232
203784771 180049279
83008395 92828346
66224943 282638792
93043325 322441941
320537147 273596642
268006020 278713323
151190943 199062473
319771078 206990937
120176341 132660956
288625026 114384097
38365341 23081952
155625431 211417112
318385416 74249228
314706443 247774745
255602013 19537115
283981638 35602384
118401302 239290189
242817748 178119071
166412563 133829813
152526327 53340333
201281895 306000316
64877810 262898322
305081718 33068189
307693071 42526685
145388222 186322616
236820138 120330590
123447355 129855008
142089476 209249788
105659392 66579420
81150593 308849600
325940357 312671977
229033818 245691096
199305844 121077782
121612332 74196885
289029562 314547463
69976599 26432878
219102588 225173347
158181824 11915034
68088400 81545894
101261647 304740393
1850320 323968063
290885489 142165404
110919211 141501011
96920439 132163449
125010803 145671737
305624021 278425832
315522656 6566348
192544277 176223033
308939675 225455900
42606258 68378348
71120964 180341245
270974765 139977334
113423533 308162598
92863499 17929651
265152876 232496419
3148756 113666686
289302109 44519331
200600614 221541595
47486893 150812123
199904368 288036814
197877680 15166770
287337592 75290593
148136221 54156483
231413158 12188242
145854925 133229230
165164486 284234706
296733711 233558743
34250601 128377847
115379255 12942389
233091892 281611979
246716186 210139748
152271040 63851035
132788372 321419299
207185897 236104761
143755538 86825191
139422000 165443915
309534440 197971495
144658553 109649113
239114748 261515022
238802525 102337619
227797337 244366076
157128360 26065289
275308365 157439461
113054732 217552176
292116827 271975120
123855212 312068212
182350218 230081177
196015986 258312528
132038581 325831696
60463643 227560728
118731129 42246840
95302149 72286240
281441882 70023736
159860536 300213010
184651085 270858221
271668058 303993980
253309039 139661127
177790073 72713039
135479101 126663751
113839701 141891698
219322474 215509576
129269746 109958157
77813245 16530691
273221931 308602174
67510288 48182168
1697002 73630631
182963266 273771148
83530017 152553358
98818886 154263238
123650789 74190283
72454465 216014257
223149053 310590990
84831312 219125453
222789271 56265591
169713712 152171118
134473364 127326939
291878803 120670923
121990935 167382470
102719922 112849121
31269129 317726292
211242966 298057213
108312744 143581990
55510702 218853045
283957188 58698451
238561788 154393360
318282944 5662549
153969431 66836617
150145655 307043160
76276282 63563744
123682612 100163118
178989140 80951913
109078265 235949277
85462039 100662412
138543369 157366495
262805753 243158147
264375918 224905890
16004166 82819710
293949556 315188710
274628571 134111074
57228860 262401089
30486700 265535542
206794250 177145038
189267983 284790709
273522695 314552458
90029695 73009840
203769744 164097718
128083179 251605641
135545029 38286472
322654788 105034744
51506954 244340889
72315394 295481369
292219785 133160056
81457824 212088924
308298671 302371078
231650091 112317396
238513851 88489992
279159959 191413145
71415570 179764904
102114666 184455558
322520317 190310628
152313679 155872891
294660089 43937870
145662772 183482652
147973430 251802666
251443276 247003936
225030745 101308227
192399886 321676004
253704603 309429798
188127028 20884965
65041543 310560230
137127629 82463321
188480128 8634726
314440444 127255911
30534152 96027378
307951479 227253803
190247818 283219639
125569512 56846739
64240529 27032902
196515711 215096916
244264094 119385621
266687342 148365157
204155719 220401933
137248348 209720115
123877858 201321437
280262947 318817099
296889406 53653686
37799938 137333779
86946507 3001245
285511723 104358898
38756397 172334076
75205734 55401700
261393645 122771234
36006556 12033303
327203255 236921294
81586173 193544320
30826797 30766712
271775979 250034422
25298162 274581816
240341820 11450918
41587888 75775980
138431436 113258205
262150947 64850886
144229384 205897314
277620956 215556348
